step,M,N,K,median_ms,min_ms,max_ms,tflops,cublas_ms,speedup_vs_cublas,reference_ms,limit_ms,status,seed,warmup,repeat,trials,gpu,sm_count,tvm,torch,cuda
1,128,128,64,0.007414400080839793,0.007414400080839793,0.007414400080839793,0.2828485079216909,0.00609493354956309,0.8220400144461514,0.105,0.1365,PASS,0,10,30,1,NVIDIA B300 SXM6 AC,148,0.26.0,2.14.0+cu130,13.0
2,128,128,64,0.007336533566315969,0.007336533566315969,0.007336533566315969,0.2858505288694647,0.006390400230884552,0.8710380962781423,0.105,0.1365,PASS,0,10,30,1,NVIDIA B300 SXM6 AC,148,0.26.0,2.14.0+cu130,13.0
2,128,128,512,0.016552533706029257,0.016552533706029257,0.016552533706029257,1.0135738913426229,0.0063274666666984555,0.3822657472912245,0.839,1.0907,PASS,0,10,30,1,NVIDIA B300 SXM6 AC,148,0.26.0,2.14.0+cu130,13.0
2,128,128,1024,0.024765866994857787,0.024765866994857787,0.024765866994857787,1.35486603424653,0.005982933441797892,0.24157980994730152,1.678,2.1814,PASS,0,10,30,1,NVIDIA B300 SXM6 AC,148,0.26.0,2.14.0+cu130,13.0
2,128,128,4096,0.08217173417409261,0.08217173417409261,0.08217173417409261,1.6333807403363363,0.00846613347530365,0.10302975299714293,6.711,8.724300000000001,PASS,0,10,30,1,NVIDIA B300 SXM6 AC,148,0.26.0,2.14.0+cu130,13.0
3,256,256,256,0.010750933488210043,0.010750933488210043,0.010750933488210043,3.121071489912695,0.006171733140945435,0.5740648612247146,0.373,0.4849,PASS,0,10,30,1,NVIDIA B300 SXM6 AC,148,0.26.0,2.14.0+cu130,13.0
3,512,512,512,0.016562133034070333,0.016562133034070333,0.016562133034070333,16.20778286515363,0.006019199887911479,0.3634314418033745,0.746,0.9698,PASS,0,10,30,1,NVIDIA B300 SXM6 AC,148,0.26.0,2.14.0+cu130,13.0
3,1024,1024,1024,0.02681386669476827,0.02681386669476827,0.02681386669476827,80.08854793102265,0.006799999872843424,0.25360012228934486,1.502,1.9526000000000001,PASS,0,10,30,1,NVIDIA B300 SXM6 AC,148,0.26.0,2.14.0+cu130,13.0
3,2048,2048,2048,0.08829120000203451,0.08829120000203451,0.08829120000203451,194.58189699091324,0.02125440041224162,0.24073067770912446,6.007,7.8091,PASS,0,10,30,1,NVIDIA B300 SXM6 AC,148,0.26.0,2.14.0+cu130,13.0
4,256,256,256,0.01043839951356252,0.01043839951356252,0.01043839951356252,3.21451884998299,0.006247466802597046,0.5985081136700859,0.014,0.0182,PASS,0,10,30,1,NVIDIA B300 SXM6 AC,148,0.26.0,2.14.0+cu130,13.0
4,512,512,512,0.014523733655611675,0.014523733655611675,0.014523733655611675,18.482537780240964,0.0059690664211908976,0.4109870480091441,0.015,0.0195,PASS,0,10,30,1,NVIDIA B300 SXM6 AC,148,0.26.0,2.14.0+cu130,13.0
4,1024,1024,1024,0.02277440031369527,0.02277440031369527,0.02277440031369527,94.29375168700366,0.007017600039641063,0.30813544782652585,0.017,0.0221,SLOW,0,10,30,1,NVIDIA B300 SXM6 AC,148,0.26.0,2.14.0+cu130,13.0
4,2048,2048,2048,0.0772117296854655,0.0772117296854655,0.0772117296854655,222.5033586734164,0.021350399653116862,0.27651756721538523,0.052,0.0676,SLOW,0,10,30,1,NVIDIA B300 SXM6 AC,148,0.26.0,2.14.0+cu130,13.0
5,512,512,512,0.01046506663163503,0.01046506663163503,0.01046506663163503,25.650620817696645,0.005815466741720835,0.5557027916230519,0.013,0.0169,PASS,0,10,30,1,NVIDIA B300 SXM6 AC,148,0.26.0,2.14.0+cu130,13.0
5,1024,1024,1024,0.01653439998626709,0.01653439998626709,0.01653439998626709,129.8797446404845,0.006827733417352041,0.41294110599858014,0.012,0.015600000000000001,SLOW,0,10,30,1,NVIDIA B300 SXM6 AC,148,0.26.0,2.14.0+cu130,13.0
5,2048,2048,2048,0.048460801442464195,0.048460801442464195,0.048460801442464195,354.5106286448245,0.021411200364430744,0.4418251396409841,0.033,0.0429,SLOW,0,10,30,1,NVIDIA B300 SXM6 AC,148,0.26.0,2.14.0+cu130,13.0
5,4096,4096,4096,0.3653045336405436,0.3653045336405436,0.3653045336405436,376.2311737615573,0.12856640021006266,0.35194307316363843,0.272,0.3536,SLOW,0,10,30,1,NVIDIA B300 SXM6 AC,148,0.26.0,2.14.0+cu130,13.0
6,1024,1024,1024,0.016563199957211814,0.016563199957211814,0.016563199957211814,129.6539106904255,0.006930133203665415,0.4184054543547277,0.013,0.0169,PASS,0,10,30,1,NVIDIA B300 SXM6 AC,148,0.26.0,2.14.0+cu130,13.0
6,2048,2048,2048,0.04731839895248413,0.04731839895248413,0.04731839895248413,363.06953667751026,0.021451733509699502,0.4533486758763913,0.035,0.045500000000000006,SLOW,0,10,30,1,NVIDIA B300 SXM6 AC,148,0.26.0,2.14.0+cu130,13.0
6,4096,4096,4096,0.3194378534952799,0.3194378534952799,0.3194378534952799,430.25255763569305,0.1282581329345703,0.401512004701927,0.239,0.3107,SLOW,0,10,30,1,NVIDIA B300 SXM6 AC,148,0.26.0,2.14.0+cu130,13.0
6,8192,8192,8192,2.8003990173339846,2.8003990173339846,2.8003990173339846,392.62677246000067,0.8518304189046224,0.30418180181893356,2.143,2.7859,SLOW,0,10,30,1,NVIDIA B300 SXM6 AC,148,0.26.0,2.14.0+cu130,13.0
7,1024,1024,1024,0.016633599996566772,0.016633599996566772,0.016633599996566772,129.10516355108018,0.006854400038719177,0.4120815722473756,0.013,0.0169,PASS,0,10,30,1,NVIDIA B300 SXM6 AC,148,0.26.0,2.14.0+cu130,13.0
7,2048,2048,2048,0.04539946715037028,0.04539946715037028,0.04539946715037028,378.4156568864021,0.02108479936917623,0.4644283444856304,0.031,0.0403,SLOW,0,10,30,1,NVIDIA B300 SXM6 AC,148,0.26.0,2.14.0+cu130,13.0
7,4096,4096,4096,0.31766932805379233,0.31766932805379233,0.31766932805379233,432.6478552840546,0.12833493550618488,0.4039890671612255,0.23,0.29900000000000004,SLOW,0,10,30,1,NVIDIA B300 SXM6 AC,148,0.26.0,2.14.0+cu130,13.0
7,8192,8192,8192,2.7941579182942706,2.7941579182942706,2.7941579182942706,393.5037531619583,0.851038932800293,0.304577965056399,2.075,2.6975000000000002,SLOW,0,10,30,1,NVIDIA B300 SXM6 AC,148,0.26.0,2.14.0+cu130,13.0
8,1024,1024,1024,0.013034666577974955,0.013034666577974955,0.013034666577974955,164.75171306864604,0.0068575998147328695,0.5261047356838686,0.014,0.0182,PASS,0,10,30,1,NVIDIA B300 SXM6 AC,148,0.26.0,2.14.0+cu130,13.0
8,2048,2048,2048,0.0309824009736379,0.0309824009736379,0.0309824009736379,554.5041263463697,0.021364265680313112,0.6895613318829421,0.023,0.0299,SLOW,0,10,30,1,NVIDIA B300 SXM6 AC,148,0.26.0,2.14.0+cu130,13.0
8,4096,4096,4096,0.17334399223327637,0.17334399223327637,0.17334399223327637,792.8682828940651,0.12833813031514485,0.7403667624225175,0.132,0.1716,SLOW,0,10,30,1,NVIDIA B300 SXM6 AC,148,0.26.0,2.14.0+cu130,13.0
8,8192,8192,8192,1.4467360178629558,1.4467360178629558,1.4467360178629558,759.9946460171374,0.852514139811198,0.5892672396934502,1.109,1.4417,SLOW,0,10,30,1,NVIDIA B300 SXM6 AC,148,0.26.0,2.14.0+cu130,13.0
9,1024,1024,1024,0.02068906625111898,0.02068906625111898,0.02068906625111898,103.79799754780389,0.006898133456707001,0.3334192743635258,0.015,0.0195,SLOW,0,10,30,1,NVIDIA B300 SXM6 AC,148,0.26.0,2.14.0+cu130,13.0
9,2048,2048,2048,0.030984532833099366,0.030984532833099366,0.030984532833099366,554.4659742504663,0.0213536004225413,0.6891696749976564,0.023,0.0299,SLOW,0,10,30,1,NVIDIA B300 SXM6 AC,148,0.26.0,2.14.0+cu130,13.0
9,4096,4096,4096,0.14841279983520508,0.14841279983520508,0.14841279983520508,926.0586258369208,0.12808533509572348,0.8630342884033395,0.116,0.15080000000000002,PASS,0,10,30,1,NVIDIA B300 SXM6 AC,148,0.26.0,2.14.0+cu130,13.0
9,8192,8192,8192,0.9208533604939778,0.9208533604939778,0.9208533604939778,1194.0138082204355,0.851909319559733,0.9251302716675098,0.788,1.0244,PASS,0,10,30,1,NVIDIA B300 SXM6 AC,148,0.26.0,2.14.0+cu130,13.0
10,1024,1024,1024,0.028947200377782187,0.028947200377782187,0.028947200377782187,74.18622940988297,0.006933333476384481,0.23951654688188828,0.025,0.0325,PASS,0,10,30,1,NVIDIA B300 SXM6 AC,148,0.26.0,2.14.0+cu130,13.0
10,2048,2048,2048,0.04533546765645345,0.04533546765645345,0.04533546765645345,378.9498613797682,0.021359999974568684,0.4711542877738047,0.035,0.045500000000000006,PASS,0,10,30,1,NVIDIA B300 SXM6 AC,148,0.26.0,2.14.0+cu130,13.0
10,4096,4096,4096,0.14404160181681316,0.14404160181681316,0.14404160181681316,954.1615181896534,0.12841493288675945,0.8915128078766638,0.107,0.1391,SLOW,0,10,30,1,NVIDIA B300 SXM6 AC,148,0.26.0,2.14.0+cu130,13.0
10,8192,8192,8192,0.8804170608520507,0.8804170608520507,0.8804170608520507,1248.8531591061103,0.8522421518961588,0.9679982246952089,0.728,0.9464,PASS,0,10,30,1,NVIDIA B300 SXM6 AC,148,0.26.0,2.14.0+cu130,13.0
